// Bol Processor version BP2.7
// Bottom settings file saved as '-se.765432'. Date: Lun 7 Avr 1997 -- 2:09
1
 
50
10
100
1
1
1
3
28
0
0
0
0
0
0
0
0
0
0
0
0
0
0
0
0
1
0
1
0
0
0
0
0
0
1
0
0
1
0
0
1002
1
0
59944
0l
65536
1
0
0
1
1
0
0
0
0
1
1
2
0
0
0
48
220.0000
1
38
10
10
10
10
10
10
10
9
10
10
10
10
10
10
10
10
10
10
10
10
10
10
10
10
10
10
10
10
10
10
10
10
10
10
10
10
10
10
262016
0
0
0
0
0
0
0
0
0
0
0
0
262143
1
38
1
44
10
480
625
0
1
40
5
158
137
1
468
0
480
640
1
80
5
388
628
1
55
20
475
348
1
439
213
459
640
1
55
20
477
625
0
0
1
41
4
103
516
1
225
3
480
361
0
1
311
480
368
640
0
0
0
1
127
41
202
201
1
220
40
322
468
1
41
374
117
640
0
0
1
40
390
96
640
1
41
479
91
639
1
35
-1
97
639
1
425
0
480
640
0
0
1
44
12
464
346
0
0
0
0
0
0
0
0
0
11
60928
0
0
30976
18944
0
0
0
48896
0
55808
0
4096
24576
32512
39936
0
20736
50944
47104
0
65535
65535
0
0
2
38010
60292
0
0
0
0
0
STARTSTRING:
S
Part1
Canon
Part2












